628982717183
628874281511
628112243418
628895555205
628986645060
628830524470
628974502322
628173020542
628193273594
628789650697
628536807727
628894708941
628182804351
628854925556
628219109543
628996413883
628222684352
628861097564
628831824189
628826174160
628780216167
628795687011
628222235658
628382959069
628810554899
628579356601
628983645645
628113739486
628846259168
628213602393
628114685215
628138175666
628122500430
628829055391
628987656435
628859319939
628519119833
628986295681
628117760972
628210844293
628231284873
628880404140
628967815043
628965478170
628853080112
628790364542
628868272076
628798591435
628838541170
628853246257
628828344864
628518962403
628950783134
628184691540
628187955205
628576507133
628791833110
628126705125
628567686640
628831596317
628579381043
628883397866
628810574164
628184470301
628780255790
628220862143
628898977859
628790524695
628953958401
628969702532
628895126397
628793101285
628793932642
628237765940
628869595989
628980902792
628515601310
628117020223
628123383226
628879117740
628199560578
628892164343
628891051394
628839293081
628562813000
628831067889
628556061148
628844469692
628237465676
628952687400
628873553708
628578509957
628388126914
628525637125
628527148924
628572945874
628221748788
628971366703
628996527292
628888590075
628382295572
628994795000
628569916380
628973551016
628173815545
628953045919
628827272100
628191141757
628220487929
628856193930
628893328745
628864977476
628235168309
628538101023
628533503457
628215593935
628827108498
628130124851
628824855607
628196639173
628231572519
628853130334
628569707624
628222469879
628859838235
628955496032
628133879924
628513534251
628115811711
628875713600
628189951090
628999807971
628978063224
628186838167
628815141863
628225902939
628796124283
628235551397
628511456087
628796825220
628893193375
628223398321
628130992190
628837188985
628577037888
628174717672
628523440490
628137392862
628190101688
628975618555
628217542557
628215154065
628794400224
628521192572
628847848879
628235129086
628835158100
628815990359
628228923456
628989346577
628224822747
628238721536
628222077618
628959074361
628137692360
628951839065
628968098337
628236305771
628811215789
628951309672
628197421041
628575895125
628847821498
628514143968
628194481275
628510561427
628553779543
628188647884
628798701158
628177171892
628880333757
628566142577
628825803420
628785041196
628181658228
628965517398
628563902142
628950167488
628895060157
628782480276
628212142917
628117868510
628199692995
628115930143
628113749075
628528470696
628813124649
628196500392
628893762223
628887960402
628385598179
628823603798
628815030070
628111874386
628794009258
628387611255
628193679886
628535223559
628963872747
628171276799
628172018686
628875295073
628812452299
628189965135
628891238446
628974362833
628199312997
628520640677
628573711935
628128625670
628228028971
628558868827
628174028211
628121721129
628841100437
628993633516
628977577680
628226039896
628228966104
628521372031
628564768895
628518471427
628860052788
628783051533
628226261921
628999972492
628120777101
628961051692
628196248596
628855584000
628134946994
628794767397
628811773410
628956464555
628985779878
628535717950
628898211516
628899180128
628821296121
628220614616
628878341572
628512686757
628890740830
628985278666
628184529765
628815670126
628528621302
628962844275
628532803324
628564077643
628850840333
628787956349
628992135860
628197855921
628986091690
628826541144
628842057015
628521289158
628530996328
628557998864
628860491109
628196197797
628997465054
628197766304
628562349786
628120995564
628194446203
628570176764
628788021454
628217398260
628217801849
628898854121
628176605116
628966659418
628895206814
628561448210
628890920288
628573766942
628218125881
628958570963
628124398030
628863472769
628981664702
628835547397
628172931201
628386182080
628819026352
628792155155
628967208684
628851471687
628892644263
628993100875
628114185650
628578820837
628512279551
628970282544
628553174077
628828210664
628515496569
628568266678
628575934820
628858305633
628853974065
628867357836
628982573958
628576594919
628883688331
628814482602
628878037893
628552591924
628218881392
628565442740
628795597567
628510611583
628873160922
628175191357
628846565381
628959903624
628782647166
628214522227
628819285371
628216937071
628873126474
628214394986
628964265874
628797167190
628865266261
628817942995
628183305939
628385286412
628191859214
628960037495
628822302078
628958300153
628527106925
628891189875
628188392184
628871307169
628992471549
628890850945
628512868698
628859227786
628527966076
628131787046
628847780200
628531328050
628994186492
628995565639
628899468847
628792865497
628112662741
628859378560
628971937328
628883493704
628810924618
628115841312
628894970179
628798909084
628568755078
628810234180
628189993062
628988471031
628139110470
628130870907
628533816279
628528610953
628872864627
628532215574
628225407744
628971406008
628196463813
628845751558
628189221293
628860711824
628134921637
628842430592
628978001634
628176671145
628837453458
628126059644
628955874827
628867652486
628174934775
628522126389
628857524660
628538311273
628551137406
628992976805
628131707862
628796142584
628182561063
628819741404
628952674844
628992198417
628124702149
628220796770
628780085242
628990911220
628518687689
628186304949
628850894830
628571085855
628382381897
628112556089
628185897348
628843581058
628784307921
628984071620
628136766156
628783811211
628996866686
628872279416
628125202137
628828320800
628510290648
628534971831
628511355626
628846005410
628855451440
628237017160
628837362176
628833407637
628211038156
628511168539
628232574616
628518539201
628895788286
628866233363
628233612583
628188880200
628219624963
628835135529
628878567747
628117507558
628577924678
628968915784
628126070250
628387579126
628197206195
628513382556
628563980516
628966338165
628865825241
628384749158
628891999321
628216674947
628557886600
628233644443
628234802584
628129798413
628813226492
628180399041
628893313802
628998209374
628871039248
628979427434
628527636406
628864018797
628980493838
628234867367
628864640185
628238966818
628964272085
628212495346
628385240878
628192434219
628968603858
628555668415
628562789394
628839826070
628133507861
628968036183
628862546404
628965987080
628199810134
628188348716
628537988972
628529551383
628572357157
628210791824
628781700659
628132488668
628963150097
628973303923
628555956739
628957015331
628868893599
628234851347
628986010725
628384187656
628124472230
628576519481
628829173726
628815794284
628557646882
628526060666
628819049621
628875954831
628232327856
628534191763
628978927180
628120241859
628522367490
628841735438
628886286074
628814423409
628883359541
628787057410
628971676318
628862742180
628132982987
628983087241
628389985626
628899464422
628382745111
628518204192
628993618790
628128628346
628123315012
628388613149
628846409063
628887471375
628533112528
628178445335
628527444191
628979278663
628972541453
628570796907
628794493224
628216246410
628958167530
628177892161
628871802300
628129574648
628175945920
628790982617
628847161237
628799774448
628180572151
628960354620
628224750430
628994657664
628236033906
628570099815
628825899395
628235540269
628191596979
628975243486
628792656247
628828426277
628553274685
628528171155
628985269039
628120032214
628962485795
628881695382
628815028940
628885074021
628515974863
628846951881
628839136219
628962858706
628122470661
628180406735
628576112830
628534455622
628130866508
628855875433
628563501695
628780673041
628216912820
628173643016
628186228280
628847716842
628856011940
628848767204
628577080395
628818748164
628124960749
628965466681
628128162839
628889350090
628539601187
628897986309
628989993254
628387212242
628895174195
628794323086
628125276483
628214880094
628954753411
628133551397
628851145878
628228527848
628238104642
628171846510
628848843855
628786594561
628137141210
628134707872
628521941388
628188645479
628892220035
628884560804
628967538149
628575770909
628873626461
628187697082
628222704168
628194933503
628522010276
628177626153
628114391422
628967005865
628881360603
628894798534
628783694270
628380159547
628874933303
628996210296
628843261370
628129726393
628852370542
628560673510
628892268174
628518403561
628964909447
628122335540
628561469754
628511835046
628199419239
628794398912
628874130466
628795393471
628226842440
628389401512
628998859366
628999886210
628217251253
628971392326
628950507722
628187814029
628866361354
628194826170
628816082450
628842620624
628138297458
628520961488
628990828310
628385514949
628135183976
628817102876
628999974137
628193933960
628384897349
628886757981
628782386354
628192158222
628884857781
628838918884
628535086612
628187213961
628515308331
628565177219
628896466075
628968896122
628974085534
628535279470
628856521681
628836126671
628126720311
628954791281
628137124335
628826985168
628231386403
628860856290
628129164221
628537372697
628814750052
628890848117
628963488732
628114953587
628976601488
628857403755
628210533093
628122123418
628384366163
628954849108
628576145749
628976014228
628837625679
628817644722
628191719014
628964548764
628811454375
628954725814
628823391796
628885929968
628826169209
628113530035
628831945937
628899324708
628891992741
628381233015
628558317542
628814226209
628787281545
628965728375
628194250716
628987024028
628838048057
628217278346
628530516558
628573348226
628981793057
628187530689
628817626199
628839186496
628892506000
628120831513
628227169976
628818671976
628884646860
628970643023
628125530228
628573711563
628956620618
628571368034
628961644250
628979375896
628511979625
628526558821
628837243978
628852511953
628895475340
628222804094
628867537368
628199124365
628845761908
628856841346
628576214299
628812416794
628514492653
628193819386
628782569842
628237577817
628813948990
628964467589
628958260005
628185042139
628197344673
628829545598
628824270257
628234513450
628843241689
628388800166
628784899957
628233060492
628857361833
628814630487
628958731546
628822256905
628836039785
628786505766
628837198461
628980880095
628845175323
628187294088
628386072023
628791979279
628125980927
628813631832
628794883260
628957271494
628824985984
628386119142
628235254923
628819055030
628233554869
628184204803
628828845390
628891845377
628879496774
628867339226
628137780224
628122864567
628991537060
628959932019
628578528361
628230927225
628569720376
628863727768
628527556909
628215412693
628852838265
628966337272
628125999285
628184267264
628968882546
628171939647
628824384959
628810163980
628195798428
628221475300
628893473860
628217001089
628894858873
628796367235
628211307343
628783764232
628529155233
628784290664
628210566155
628199189002
628192240192
628969392856
628131453244
628876227606
628112398879
628562156950
628195542903
628952659186
628960179798
628517802342
628557662592
628838864217
628782307189
628138512247
628519523333
628516322162
628523816964
628832329030
628787778310
628886286753
628862962359
628888491128
628967092361
628960297994
628872955504
628795724979
628963232736
628841839211
628783272008
628235991759
628385077547
628981590697
628893823988
628783638331
628534467154
628826732286
628963383908
628862269425
628953899771
628844866293
628864933700
628191839771
628524701799
628389793266
628181307168
628872612266
628826760044
628567300716
628536685779
628558968291
628872814649
628990764804
628178034185
628891278577
628984972381
628225341880
628139727214
628534897881
628785848428
628183343696
628238588207
628977995348
628881427092
628559129785
628832216729
628865867017
628131021555
628557496807
628811978828
628556111525
628999633408
628222475907
628833056278
628519929516
628116150117
628131443598
628956469224
628847007174
628868484344
628821058337
628876476021
628215721536
628555731962
628888872920
628987676697
628227148976
628874509589
628961942290
628858316493
628122953159
628853032464
628131718063
628576721609
628885831332
628571310635
628566827156
628862184301
628517242513
628193812153
628514325352
628893558664
628881624350
628988077190
628554658326
628224817535
628191958729
628126479297
628579111833
628895772152
628116639431
628850682566
628968926599
628991051616
628171255742
628176174787
628227547424
628139175013
628852905772
628191436574
628781380389
628219670383
628990359722
628237008812
628852500307
628528616687
628530518068
628983328580
628882503867
628781030049
628214378488
628384157716
628866789265
628872511048
628981745077
628231014231
628138422708
628888076203
628227855723
628120176993
628819321614
628974465789
628792632197
628563930710
628982489512
628813500401
628784755888
628526240832
628844920558
628386026986
628522493107
628223678859
628978815314
628982365389
628561862839
628175725994
628815198701
628817591423
628221637589
628181731352
628555854599
628138088318
628238254106
628232844248
628553314606
628524326134
628881370291
628951618133
628896780803
628531451265
628994720252
628794813997
628964454468
628795565508
628811588287
628953017278
628529379445

